#Returns a data frame with the initial values (I), theta estimates (T)
#Log likelihoods (L), sigma (S), and alpha (A)

$bobyqa
             I        T        L          S          A
V1  0.00100000 4.241044 9.841744  0.4971955   3.035555
V2  0.02138776 4.241044 9.841744  0.4971955   3.035555
V3  0.04177551 4.241044 9.841744  0.4971956   3.035555
V4  0.06216327 4.241044 9.841744  0.4971956   3.035555
V5  0.08255102 4.241044 9.841744  0.4971958   3.035556
V6  0.10293878 4.241044 9.841744  0.4971952   3.035552
V7  0.12332653 4.235734 9.805223 18.5754303 115.405564
V8  0.14371429 4.241044 9.841744  0.4971936   3.035542
V9  0.16410204 4.241044 9.841744  0.4971954   3.035553
V10 0.18448980 4.241044 9.841744  0.4971955   3.035554
V11 0.20487755 4.241044 9.841744  0.4971955   3.035555
V12 0.22526531 4.241044 9.841744  0.4971955   3.035555
V13 0.24565306 4.241044 9.841744  0.4971956   3.035555
V14 0.26604082 4.241044 9.841744  0.4971955   3.035554
V15 0.28642857 4.241044 9.841744  0.4971955   3.035554
V16 0.30681633 4.241044 9.841744  0.4971955   3.035554
V17 0.32720408 4.241044 9.841744  0.4971954   3.035553
V18 0.34759184 4.241044 9.841744  0.4971954   3.035553
V19 0.36797959 4.241044 9.841744  0.4971956   3.035555
V20 0.38836735 4.241044 9.841744  0.4971954   3.035554
V21 0.40875510 4.241044 9.841744  0.4971956   3.035555
V22 0.42914286 4.241044 9.841744  0.4971953   3.035553
V23 0.44953061 4.241044 9.841744  0.4971952   3.035552
V24 0.46991837 4.241044 9.841744  0.4971960   3.035558
V25 0.49030612 4.241044 9.841744  0.4971956   3.035555
V26 0.51069388 4.241044 9.841744  0.4971956   3.035555
V27 0.53108163 4.241044 9.841744  0.4971955   3.035554
V28 0.55146939 4.241044 9.841744  0.4971957   3.035555
V29 0.57185714 4.241044 9.841744  0.4971950   3.035551
V30 0.59224490 4.241044 9.841744  0.4971953   3.035553
V31 0.61263265 4.241044 9.841744  0.4971955   3.035554
V32 0.63302041 4.241044 9.841744  0.4971956   3.035555
V33 0.65340816 4.241044 9.841744  0.4971956   3.035555
V34 0.67379592 4.241044 9.841744  0.4971958   3.035556
V35 0.69418367 4.241044 9.841744  0.4971956   3.035555
V36 0.71457143 4.241044 9.841744  0.4971958   3.035556
V37 0.73495918 4.241044 9.841744  0.4971956   3.035555
V38 0.75534694 4.241044 9.841744  0.4971955   3.035554
V39 0.77573469 4.241044 9.841744  0.4971963   3.035560
V40 0.79612245 4.241044 9.841744  0.4971952   3.035552
V41 0.81651020 4.241044 9.841744  0.4971940   3.035545
V42 0.83689796 4.241044 9.841744  0.4971949   3.035550
V43 0.85728571 4.241044 9.841744  0.4971955   3.035554
V44 0.87767347 4.241044 9.841744  0.4971958   3.035556
V45 0.89806122 4.241044 9.841744  0.4971955   3.035554
V46 0.91844898 4.241044 9.841744  0.4971955   3.035554
V47 0.93883673 4.241044 9.841744  0.4971955   3.035554
V48 0.95922449 4.241044 9.841744  0.4971953   3.035553
V49 0.97961224 4.241044 9.841744  0.4971956   3.035555
V50 1.00000000 4.241044 9.841744  0.4971956   3.035555

$bfgs
             I        T        L         S         A
V1  0.00100000 4.241044 9.841744 0.4972410  3.035826
V2  0.02138776 4.235862 9.805355 1.2561972  7.804480
V3  0.04177551 4.235734 9.805223 2.0772644 12.905639
V4  0.06216327 4.235735 9.805223 1.8209409 11.313152
V5  0.08255102 4.241044 9.841744 0.4972492  3.035900
V6  0.10293878 4.241044 9.841744 0.4972616  3.035980
V7  0.12332653 4.241044 9.841744 0.4972418  3.035854
V8  0.14371429 4.241044 9.841744 0.4972532  3.035934
V9  0.16410204 4.241044 9.841744 0.4972468  3.035885
V10 0.18448980 4.241044 9.841744 0.4972114  3.035649
V11 0.20487755 4.241044 9.841744 0.4972585  3.035960
V12 0.22526531 4.241044 9.841744 0.4972275  3.035756
V13 0.24565306 4.241045 9.841744 0.4971518  3.035235
V14 0.26604082 4.241044 9.841744 0.4972621  3.035993
V15 0.28642857 4.241044 9.841744 0.4972323  3.035797
V16 0.30681633 4.241045 9.841744 0.4971879  3.035510
V17 0.32720408 4.241044 9.841744 0.4972571  3.035955
V18 0.34759184 4.241044 9.841744 0.4972062  3.035645
V19 0.36797959 4.241044 9.841744 0.4972379  3.035836
V20 0.38836735 4.241044 9.841744 0.4972537  3.035932
V21 0.40875510 4.241044 9.841744 0.4972385  3.035832
V22 0.42914286 4.241044 9.841744 0.4971979  3.035603
V23 0.44953061 4.241044 9.841744 0.4972674  3.036026
V24 0.46991837 4.241044 9.841744 0.4971957  3.035551
V25 0.49030612 4.241044 9.841744 0.4972593  3.035966
V26 0.51069388 4.241044 9.841744 0.4972548  3.035934
V27 0.53108163 4.241044 9.841744 0.4972519  3.035917
V28 0.55146939 4.241045 9.841744 0.4971834  3.035456
V29 0.57185714 4.241044 9.841744 0.4972523  3.035920
V30 0.59224490 4.241044 9.841744 0.4972584  3.035959
V31 0.61263265 4.241044 9.841744 0.4972655  3.036001
V32 0.63302041 4.241044 9.841744 0.4972587  3.035963
V33 0.65340816 4.241044 9.841744 0.4972570  3.035949
V34 0.67379592 4.241044 9.841744 0.4972193  3.035709
V35 0.69418367 4.241044 9.841744 0.4972566  3.035948
V36 0.71457143 4.241044 9.841744 0.4972558  3.035945
V37 0.73495918 4.241043 9.841744 0.4973080  3.036229
V38 0.75534694 4.241044 9.841744 0.4972589  3.035962
V39 0.77573469 4.241044 9.841744 0.4972587  3.035961
V40 0.79612245 4.241044 9.841744 0.4972589  3.035962
V41 0.81651020 4.241044 9.841744 0.4972590  3.035964
V42 0.83689796 4.241044 9.841744 0.4972584  3.035959
V43 0.85728571 4.241044 9.841744 0.4972412  3.035830
V44 0.87767347 4.241044 9.841744 0.4972584  3.035958
V45 0.89806122 4.241044 9.841744 0.4972600  3.035970
V46 0.91844898 4.241044 9.841744 0.4972578  3.035957
V47 0.93883673 4.241044 9.841744 0.4972585  3.035959
V48 0.95922449 4.241044 9.841744 0.4972538  3.035936
V49 0.97961224 4.241044 9.841744 0.4972584  3.035959
V50 1.00000000 4.241044 9.841744 0.4972583  3.035958

$nlminb
             I        T        L         S        A
V1  0.00100000 4.236380 9.806540 0.9943204 6.174114
V2  0.02138776 4.241044 9.841744 0.4971956 3.035555
V3  0.04177551 4.241044 9.841744 0.4971953 3.035553
V4  0.06216327 4.241044 9.841744 0.4971956 3.035554
V5  0.08255102 4.241044 9.841744 0.4971952 3.035553
V6  0.10293878 4.241044 9.841744 0.4971955 3.035554
V7  0.12332653 4.241044 9.841744 0.4971954 3.035554
V8  0.14371429 4.241044 9.841744 0.4971955 3.035554
V9  0.16410204 4.241044 9.841744 0.4971956 3.035554
V10 0.18448980 4.241044 9.841744 0.4971954 3.035554
V11 0.20487755 4.241044 9.841744 0.4971955 3.035554
V12 0.22526531 4.241044 9.841744 0.4971955 3.035554
V13 0.24565306 4.241044 9.841744 0.4971954 3.035553
V14 0.26604082 4.241044 9.841744 0.4971953 3.035553
V15 0.28642857 4.241044 9.841744 0.4971955 3.035554
V16 0.30681633 4.241044 9.841744 0.4971954 3.035553
V17 0.32720408 4.241044 9.841744 0.4971958 3.035554
V18 0.34759184 4.241044 9.841744 0.4971953 3.035553
V19 0.36797959 4.241044 9.841744 0.4971955 3.035554
V20 0.38836735 4.241044 9.841744 0.4971955 3.035553
V21 0.40875510 4.241044 9.841744 0.4971957 3.035555
V22 0.42914286 4.241044 9.841744 0.4971955 3.035554
V23 0.44953061 4.241044 9.841744 0.4971957 3.035554
V24 0.46991837 4.241044 9.841744 0.4971954 3.035553
V25 0.49030612 4.241044 9.841744 0.4971955 3.035554
V26 0.51069388 4.241044 9.841744 0.4971954 3.035553
V27 0.53108163 4.241044 9.841744 0.4971954 3.035553
V28 0.55146939 4.241044 9.841744 0.4971955 3.035553
V29 0.57185714 4.241044 9.841744 0.4971954 3.035553
V30 0.59224490 4.241044 9.841744 0.4971955 3.035554
V31 0.61263265 4.241044 9.841744 0.4971955 3.035554
V32 0.63302041 4.241044 9.841744 0.4971955 3.035553
V33 0.65340816 4.241044 9.841744 0.4971955 3.035554
V34 0.67379592 4.241044 9.841744 0.4971956 3.035553
V35 0.69418367 4.241044 9.841744 0.4971955 3.035554
V36 0.71457143 4.241044 9.841744 0.4971955 3.035554
V37 0.73495918 4.241044 9.841744 0.4971955 3.035554
V38 0.75534694 4.241044 9.841744 0.4971955 3.035554
V39 0.77573469 4.241044 9.841744 0.4971955 3.035554
V40 0.79612245 4.241044 9.841744 0.4971956 3.035554
V41 0.81651020 4.241044 9.841744 0.4971968 3.035562
V42 0.83689796 4.241044 9.841744 0.4971956 3.035555
V43 0.85728571 4.241044 9.841744 0.4971957 3.035555
V44 0.87767347 4.241044 9.841744 0.4971959 3.035556
V45 0.89806122 4.241044 9.841744 0.4971961 3.035558
V46 0.91844898 4.241044 9.841744 0.4971970 3.035562
V47 0.93883673 4.241044 9.841744 0.4971956 3.035555
V48 0.95922449 4.241044 9.841744 0.4971958 3.035556
V49 0.97961224 4.241044 9.841744 0.4971963 3.035559
V50 1.00000000 4.241044 9.841744 0.4971959 3.035556

$rcgmin
             I        T             L           S           A
V1  0.00100000 4.205953 -2.674077e+05  0.00100000  0.00100000
V2  0.02138776 4.205958 -5.449997e+02  0.02138776  0.02138776
V3  0.04177551 4.205973 -1.215517e+02  0.04177551  0.04177551
V4  0.06216327 4.235734  9.805223e+00 11.95780746 74.29154973
V5  0.08255102 4.241044  9.841744e+00  0.49719852  3.03557419
V6  0.10293878 4.241044  9.841744e+00  0.49719744  3.03556703
V7  0.12332653 4.241044  9.841744e+00  0.49719684  3.03556305
V8  0.14371429 4.241044  9.841744e+00  0.49719702  3.03556429
V9  0.16410204 4.241044  9.841744e+00  0.49719635  3.03555975
V10 0.18448980 4.241044  9.841744e+00  0.49719675  3.03556240
V11 0.20487755 4.241044  9.841744e+00  0.49719805  3.03557113
V12 0.22526531 4.241044  9.841744e+00  0.49719806  3.03557111
V13 0.24565306 4.241044  9.841744e+00  0.49719638  3.03556006
V14 0.26604082 4.241044  9.841744e+00  0.49719885  3.03557639
V15 0.28642857 4.241044  9.841744e+00  0.49719654  3.03556108
V16 0.30681633 4.241044  9.841744e+00  0.49719660  3.03556145
V17 0.32720408 4.241044  9.841744e+00  0.49719489  3.03555028
V18 0.34759184 4.241045  9.841744e+00  0.49719259  3.03553496
V19 0.36797959 4.241044  9.841744e+00  0.49719881  3.03557615
V20 0.38836735 4.241044  9.841744e+00  0.49719800  3.03557076
V21 0.40875510 4.241044  9.841744e+00  0.49719999  3.03558382
V22 0.42914286 4.235734  9.805223e+00  8.59261536 53.38426271
V23 0.44953061 4.235734  9.805223e+00  7.92242196 49.22047992
V24 0.46991837 4.235734  9.805223e+00  8.88553641 55.20412346
V25 0.49030612 4.241044  9.841744e+00  0.49719914  3.03557823
V26 0.51069388 4.241044  9.841744e+00  0.49719833  3.03557295
V27 0.53108163 4.241044  9.841744e+00  0.49719581  3.03555623
V28 0.55146939 4.241044  9.841744e+00  0.49719736  3.03556647
V29 0.57185714 4.241044  9.841744e+00  0.49719842  3.03557356
V30 0.59224490 4.241044  9.841744e+00  0.49719872  3.03557554
V31 0.61263265 4.241044  9.841744e+00  0.49719805  3.03557107
V32 0.63302041 4.241044  9.841744e+00  0.49719748  3.03556738
V33 0.65340816 4.241044  9.841744e+00  0.49719685  3.03556315
V34 0.67379592 4.241044  9.841744e+00  0.49719816  3.03557184
V35 0.69418367 4.241044  9.841744e+00  0.49719704  3.03556442
V36 0.71457143 4.241044  9.841744e+00  0.49719700  3.03556427
V37 0.73495918 4.241044  9.841744e+00  0.49719844  3.03557366
V38 0.75534694 4.241044  9.841744e+00  0.49719779  3.03556941
V39 0.77573469 4.241044  9.841744e+00  0.49719711  3.03556480
V40 0.79612245 4.241044  9.841744e+00  0.49719638  3.03556018
V41 0.81651020 4.241044  9.841744e+00  0.49719621  3.03555895
V42 0.83689796 4.241044  9.841744e+00  0.49719816  3.03557179
V43 0.85728571 4.241044  9.841744e+00  0.49719709  3.03556471
V44 0.87767347 4.241044  9.841744e+00  0.49719778  3.03556929
V45 0.89806122 4.241044  9.841744e+00  0.49719599  3.03555744
V46 0.91844898 4.241046  9.841744e+00  0.49699503  3.03422776
V47 0.93883673 4.241044  9.841744e+00  0.49719908  3.03557785
V48 0.95922449 4.241044  9.841744e+00  0.49719807  3.03557130
V49 0.97961224 4.241044  9.841744e+00  0.49719672  3.03556217
V50 1.00000000 4.241044  9.841744e+00  0.49719625  3.03555929

$rvmmin
             I        T             L          S           A
V1  0.00100000 4.205953 -2.674077e+05 0.00100000  0.00100000
V2  0.02138776 4.205958 -5.449997e+02 0.02138776  0.02138776
V3  0.04177551 4.205973 -1.215517e+02 0.04177551  0.04177551
V4  0.06216327 4.235734  9.805223e+00 6.34467675 39.41825303
V5  0.08255102 4.241044  9.841744e+00 0.49719410  3.03554512
V6  0.10293878 4.241044  9.841744e+00 0.49719461  3.03554846
V7  0.12332653 4.241044  9.841744e+00 0.49719397  3.03554411
V8  0.14371429 4.241044  9.841744e+00 0.49719376  3.03554278
V9  0.16410204 4.241044  9.841744e+00 0.49719386  3.03554356
V10 0.18448980 4.241044  9.841744e+00 0.49719382  3.03554313
V11 0.20487755 4.241044  9.841744e+00 0.49719372  3.03554257
V12 0.22526531 4.241044  9.841744e+00 0.49719374  3.03554276
V13 0.24565306 4.241044  9.841744e+00 0.49719387  3.03554359
V14 0.26604082 4.241044  9.841744e+00 0.49719384  3.03554336
V15 0.28642857 4.241044  9.841744e+00 0.49719391  3.03554385
V16 0.30681633 4.241044  9.841744e+00 0.49719366  3.03554214
V17 0.32720408 4.241044  9.841744e+00 0.49719394  3.03554397
V18 0.34759184 4.241044  9.841744e+00 0.49719397  3.03554401
V19 0.36797959 4.241044  9.841744e+00 0.49719404  3.03554463
V20 0.38836735 4.241044  9.841744e+00 0.49719378  3.03554301
V21 0.40875510 4.241044  9.841744e+00 0.49719383  3.03554329
V22 0.42914286 4.241044  9.841744e+00 0.49719480  3.03554965
V23 0.44953061 4.241044  9.841744e+00 0.49719408  3.03554491
V24 0.46991837 4.241044  9.841744e+00 0.49719441  3.03554699
V25 0.49030612 4.241044  9.841744e+00 0.49719385  3.03554344
V26 0.51069388 4.241044  9.841744e+00 0.49719406  3.03554479
V27 0.53108163 4.241044  9.841744e+00 0.49719540  3.03555364
V28 0.55146939 4.241044  9.841744e+00 0.49719369  3.03554241
V29 0.57185714 4.241044  9.841744e+00 0.49719387  3.03554361
V30 0.59224490 4.241044  9.841744e+00 0.49719441  3.03554710
V31 0.61263265 4.241044  9.841744e+00 0.49719381  3.03554314
V32 0.63302041 4.241044  9.841744e+00 0.49719379  3.03554298
V33 0.65340816 4.241044  9.841744e+00 0.49719375  3.03554270
V34 0.67379592 4.241044  9.841744e+00 0.49719371  3.03554253
V35 0.69418367 4.241044  9.841744e+00 0.49719419  3.03554563
V36 0.71457143 4.241044  9.841744e+00 0.49719383  3.03554309
V37 0.73495918 4.241044  9.841744e+00 0.49719410  3.03554509
V38 0.75534694 4.241044  9.841744e+00 0.49719422  3.03554581
V39 0.77573469 4.241044  9.841744e+00 0.49719389  3.03554362
V40 0.79612245 4.241044  9.841744e+00 0.49719391  3.03554386
V41 0.81651020 4.241044  9.841744e+00 0.49719385  3.03554346
V42 0.83689796 4.241044  9.841744e+00 0.49719379  3.03554303
V43 0.85728571 4.241044  9.841744e+00 0.49719392  3.03554388
V44 0.87767347 4.241044  9.841744e+00 0.49719376  3.03554288
V45 0.89806122 4.241044  9.841744e+00 0.49719384  3.03554339
V46 0.91844898 4.241044  9.841744e+00 0.49719395  3.03554409
V47 0.93883673 4.241044  9.841744e+00 0.49719393  3.03554392
V48 0.95922449 4.241044  9.841744e+00 0.49719376  3.03554284
V49 0.97961224 4.241044  9.841744e+00 0.49719387  3.03554357
V50 1.00000000 4.241044  9.841744e+00 0.49719386  3.03554352

$spg
             I        T        L         S        A
V1  0.00100000 4.241045 9.841744 0.4971559 3.035293
V2  0.02138776 4.241046 9.841744 0.4970786 3.034783
V3  0.04177551 4.241045 9.841744 0.4971693 3.035382
V4  0.06216327 4.241045 9.841744 0.4971237 3.035080
V5  0.08255102 4.241045 9.841744 0.4971554 3.035289
V6  0.10293878 4.241045 9.841744 0.4970971 3.034904
V7  0.12332653 4.241045 9.841744 0.4971600 3.035320
V8  0.14371429 4.241046 9.841744 0.4970783 3.034780
V9  0.16410204 4.241045 9.841744 0.4971933 3.035540
V10 0.18448980 4.241046 9.841744 0.4970757 3.034763
V11 0.20487755 4.241043 9.841744 0.4973080 3.036298
V12 0.22526531 4.241045 9.841744 0.4970973 3.034906
V13 0.24565306 4.241046 9.841744 0.4970711 3.034733
V14 0.26604082 4.241044 9.841744 0.4971939 3.035544
V15 0.28642857 4.241046 9.841744 0.4970498 3.034592
V16 0.30681633 4.241044 9.841744 0.4972240 3.035743
V17 0.32720408 4.241046 9.841744 0.4970896 3.034855
V18 0.34759184 4.241045 9.841744 0.4971467 3.035232
V19 0.36797959 4.241045 9.841744 0.4971304 3.035125
V20 0.38836735 4.241045 9.841744 0.4970978 3.034909
V21 0.40875510 4.241045 9.841744 0.4970966 3.034901
V22 0.42914286 4.241045 9.841744 0.4971889 3.035511
V23 0.44953061 4.241046 9.841744 0.4970394 3.034524
V24 0.46991837 4.241046 9.841744 0.4970715 3.034736
V25 0.49030612 4.241045 9.841744 0.4971835 3.035475
V26 0.51069388 4.241045 9.841744 0.4970991 3.034918
V27 0.53108163 4.241045 9.841744 0.4971156 3.035027
V28 0.55146939 4.241045 9.841744 0.4971338 3.035147
V29 0.57185714 4.241044 9.841744 0.4972400 3.035848
V30 0.59224490 4.241044 9.841744 0.4972516 3.035925
V31 0.61263265 4.241046 9.841744 0.4970855 3.034828
V32 0.63302041 4.241045 9.841744 0.4971852 3.035487
V33 0.65340816 4.241046 9.841744 0.4970593 3.034655
V34 0.67379592 4.241045 9.841744 0.4971563 3.035295
V35 0.69418367 4.241045 9.841744 0.4971668 3.035365
V36 0.71457143 4.241045 9.841744 0.4971934 3.035541
V37 0.73495918 4.241045 9.841744 0.4971894 3.035514
V38 0.75534694 4.241045 9.841744 0.4971918 3.035530
V39 0.77573469 4.241045 9.841744 0.4971499 3.035253
V40 0.79612245 4.241045 9.841744 0.4970922 3.034873
V41 0.81651020 4.241045 9.841744 0.4971562 3.035295
V42 0.83689796 4.241046 9.841744 0.4970542 3.034621
V43 0.85728571 4.241045 9.841744 0.4971530 3.035274
V44 0.87767347 4.241044 9.841744 0.4971954 3.035554
V45 0.89806122 4.241044 9.841744 0.4972206 3.035721
V46 0.91844898 4.241046 9.841744 0.4970658 3.034698
V47 0.93883673 4.241046 9.841744 0.4970870 3.034838
V48 0.95922449 4.241045 9.841744 0.4971451 3.035222
V49 0.97961224 4.241045 9.841744 0.4971324 3.035138
V50 1.00000000 4.241045 9.841744 0.4971288 3.035114
